MSgLnThQHVoyRnPwGn8bAMqbv9Gb9d2dEN,MFSwhbweEBWNid5GnRPXRFeao8Qgv5pN7K,,,,,,,,,,,,,,,,,,,,,,,,,,,,,,,,,,,,,,,,,,,,,,,,,,,,,,,,,,,,
MBrU9kqtsosVqmNxj62NKk7SnPiiP118Wq,MVDaDTpxFvYtLFyxdWZt2y9iGDDTTZKEvP,MVPVmbbm7g3f9PF2xRV6RSoSnw8xfr8kNj,,,,,,,,,,,,,,,,,,,,,,,,,,,,,,,,,,,,,,,,,,,,,,,,,,,,,,,,,,,
36JEkGhHZUgzTfAuW9QwbERMW7Ci7qfFf2,MBkH5Jk9YDv3nuCFDFTX9QMt868Rn1HKLA,,,,,,,,,,,,,,,,,,,,,,,,,,,,,,,,,,,,,,,,,,,,,,,,,,,,,,,,,,,,
MMzHaB71SjggeobgWMhmcyEZoKuAm55tsL,MKbSh71bgLT529ZhqDTStPFFVbhqfWPANf,,,,,,,,,,,,,,,,,,,,,,,,,,,,,,,,,,,,,,,,,,,,,,,,,,,,,,,,,,,,
MTZdJdCGupUUo7KeAwomkP5gbDZfMaencU,MGsHdPj7yRLDvhGs4FLLkzUbVmfwqUgiNu,,,,,,,,,,,,,,,,,,,,,,,,,,,,,,,,,,,,,,,,,,,,,,,,,,,,,,,,,,,,
MASBz6n8i548Yi612gjJguvAYgqNBSL3sg,MRVTdWTYrAB2XizH8Yu7gwma8fwCTyZMem,,,,,,,,,,,,,,,,,,,,,,,,,,,,,,,,,,,,,,,,,,,,,,,,,,,,,,,,,,,,
MTk8zpXPTBm1JwgtokupWVhA1JwZAsKgQg,MFC9oSgRsVjjCG9S4Vv1NfMRDiMwjhGkCy,,,,,,,,,,,,,,,,,,,,,,,,,,,,,,,,,,,,,,,,,,,,,,,,,,,,,,,,,,,,
MGNn9kjwH6pUkYHxCmTN2puu1FB49WWz7t,MFqY7RDn4SAiHSbmcq44g4ezoeuVx9GQrn,,,,,,,,,,,,,,,,,,,,,,,,,,,,,,,,,,,,,,,,,,,,,,,,,,,,,,,,,,,,
MLfjQgR1J5Pm82N8n3H2AdhZuRE31kpqxk,MJkqAEYi8fxMihMMA7RGXjUTh8FKrnkT5z,,,,,,,,,,,,,,,,,,,,,,,,,,,,,,,,,,,,,,,,,,,,,,,,,,,,,,,,,,,,
MTXbJkEtK5TRaK3oiNuxwgyC3uoczfKHEp,MTKZj9f3ec98r1VCXB9Pj4JgNsYTKJvE1G,,,,,,,,,,,,,,,,,,,,,,,,,,,,,,,,,,,,,,,,,,,,,,,,,,,,,,,,,,,,
MGppKUSZ9ETMvBnKttyZsWMgfUtMyJaJyV,M9Fcx8xFv1VRH6KVW19r7QGYnvZmR5EHjK,,,,,,,,,,,,,,,,,,,,,,,,,,,,,,,,,,,,,,,,,,,,,,,,,,,,,,,,,,,,
MAJ6YnyWiDoJozffXPQziPAq5st1MGFV7K,MUYwfBgT8GVTPtw5ghpSu4Zww7UpeQxpT4,,,,,,,,,,,,,,,,,,,,,,,,,,,,,,,,,,,,,,,,,,,,,,,,,,,,,,,,,,,,
MSroMRmWa2cyYbfRgqRRhTwrS8h4AiwG7c,MP694cVF6ZHEP6LbLPVwv2WUBe7BJfTtqR,,,,,,,,,,,,,,,,,,,,,,,,,,,,,,,,,,,,,,,,,,,,,,,,,,,,,,,,,,,,
MNvmnfNoKReGcnwLb8ujj7ua8x3pdPJV71,MPnR53FbqmtCvZD8LTMwnwtVj7AMKX5K93,,,,,,,,,,,,,,,,,,,,,,,,,,,,,,,,,,,,,,,,,,,,,,,,,,,,,,,,,,,,
MHU9GzmZCiJuQL7YHfp1uCWwWKSx251WDW,3GfoFPpVEeTs3vKoBJBavyNk5osfuV332g,,,,,,,,,,,,,,,,,,,,,,,,,,,,,,,,,,,,,,,,,,,,,,,,,,,,,,,,,,,,
MBJuxBHQHLEC3wX8kqZGm6cqDXCmDYyeHp,MPYq1eJVWofz49Sthu161bpdzWKjRSjTWe,,,,,,,,,,,,,,,,,,,,,,,,,,,,,,,,,,,,,,,,,,,,,,,,,,,,,,,,,,,,
MMnaE957E5iJNSgM7wHVPLH53ceSDdnqqp,372B2TDUSaKUQKSzr1SM9sHjHfFkyEEVLo,,,,,,,,,,,,,,,,,,,,,,,,,,,,,,,,,,,,,,,,,,,,,,,,,,,,,,,,,,,,
MW7uJZTdKaFQtSf847rday5m5aHSHWrVwH,MR9BP5dZfCizfdHZjwMfLFk89Kp1JPhN4f,,,,,,,,,,,,,,,,,,,,,,,,,,,,,,,,,,,,,,,,,,,,,,,,,,,,,,,,,,,,
MDaqDNdvUY6NYSCgyUqPXurhDXdQEVKSCH,3CN8ojMSBnFkBwZfU34avnkFUwFQW2rXmK,,,,,,,,,,,,,,,,,,,,,,,,,,,,,,,,,,,,,,,,,,,,,,,,,,,,,,,,,,,,
MM6LkdNsisEUZA7jEcgzhi8BxBNSqTWMTw,MMdZryLrS6J8DNTECj3HNGZHqXaxtrETPu,,,,,,,,,,,,,,,,,,,,,,,,,,,,,,,,,,,,,,,,,,,,,,,,,,,,,,,,,,,,
MVjfshcYABoFMukL1BRwz2NgvwtyhDZai1,MLt8ncz4REAKG7RTxM7UtSmsts6xsmTR5a,,,,,,,,,,,,,,,,,,,,,,,,,,,,,,,,,,,,,,,,,,,,,,,,,,,,,,,,,,,,
MRPeE3GenPazvi1n5kG6UJumiXx9mqsU9R,M8aznQSJsWwutjbQmP8cdp5GYLEJZxpk34,,,,,,,,,,,,,,,,,,,,,,,,,,,,,,,,,,,,,,,,,,,,,,,,,,,,,,,,,,,,
MKSunF7Lw6Dwn1YVWKoGjD7gLXQzYWVtRP,,,,,,,,,,,,,,,,,,,,,,,,,,,,,,,,,,,,,,,,,,,,,,,,,,,,,,,,,,,,,
MJb1pivxxKT9mhM4UMpLutB2UaJFECeyPi,MVFjvkehVMMtZgY6mxm9paLsf9XLb8wwYw,,,,,,,,,,,,,,,,,,,,,,,,,,,,,,,,,,,,,,,,,,,,,,,,,,,,,,,,,,,,
MQtkuAFchcoYjc6FJg3nR1zonPTDwX8atA,MTrt63v6QSnGcxpCJU4a15Yua5C2yMUziQ,MWTLXHQLmG3wSGLEN9KL4DYfKqjmHP6JQk,MUzcogcxdNuauZbKZ8UPbuFc9a262HvZmr,MPsBQVEx8Lsg8nxPTbggwjFq6jtMyBBryz,MJZVZXcH4RaQ6zkkvJvjPc63ExbQkkPkqR,M9Fcx8xFv1VRH6KVW19r7QGYnvZmR5EHjK,MHH5iTCYHAM8Be3JbKdqP5z4vKVZdEdyca,MA1g2q1KHoxWRUaYCZM7wyf5LRcLKaKDMc,MRjdxaaqjSSkqrz7MzUMYfADncQw782ydy,MCTMz5AVCTdG5jQ6sp61NZEWXQbYwk41gd,MPiCQBrUzKhEDY7tAvWJsh9fhcRbf9mMpm,MRpvBhtzjyjxnhzuXiyzQpCwwktRpUxfEG,MEnsS18d4kb7VD7PeBuBnvZZcwKCUTtack,MH3KCzx3Ee4PdUsDUTmD7SRxgYMvnP4HEG,MNWxCGqjcJNWwgxhyv5HUALk288iWW1reW,MTWM22xUW6p7YiPdrnsUmgAGM3WiuGKgcq,MTRvaUnpbBzrXfAUDvNmTBzZANT5tYpnZW,MN6nxHH2SBXe6Mgs25hE8RdMyqUt8Q7e5k,MSasukejLvWJAiKyY8bi7tesrHZkkhgJRe,MD1Nw1qKrXzPAKRYJtmkvJnKKDHgbKMa1o,MMdiWMbtoou76JKc7Dnx36E5ZgMzQtLgiX,MMPEiqdERHPxENvJtLGXnVxz4ZToNmfuJN,MAstLSF6RwvQAa9q19Hrfktih2zL3gevM8,MWLPNsinhGmebSpjxsW4mnX2YWDj28PCff,MQguGjTgQiY1VnvrMGggGMT2ct9BkDY2pW,M92uHMhLGv9C3W5yNEKSz6iSkPTnuZxwrN,M8C1drdzQfUkskg2SXfviWPKFqr6cWivMf,MSAWWnB1db53Ji37pU6sN72P7XZ2EcVC1y,MRjnYRxidF2AwYDE7k1yXHEWeugAgjfK57,MUQs1huuWcVNpGJRQiKzum1ZNG5FezgKXY,MATvUN9QTZTXDQe5sh92ySg6ShjKsMf65Q,MKbfHKtQjR5fd3Pi4ktLq6r59kXA8jQLyA,MFhhyu9NsqdtbQYtTHF4L8ZDUWfhH6g9z2,MS3Dnzjgx1EcRRESPh9LUUtYWrP6NYbXaG,M7wMEZ3ovVGv4a7TEZ86erfjxJmmRGEa6f,M9KzszKRRVNfCHToc5urEGhCkAbsNLGJr5,MUMxjaP16MPxYx5FKBtDskNAXdrPub8j4s,MEPsE5xoDPvfvwbNu4THUCGZbszN45tzuL,MEV6DfoyrcihxVPYBLfR5u1jKht63juyvF,M8RV54SaBDQA1PZLYg13tKn4CKzuto3Pr9,MWzzkxpmcBq575zmWTQN9tZ9rPT5woBsGW,MDib1oZiMzYZUPjXMQJfzTgAD45dyk8gCb,M9AKsFk77vq8dkgdnJ6isjVGStsptEVpDa,MAYxwSvQt66Xa1mJQczmXNweo9zLa8MqHs,MEczfycjxnJKfwhdpgzgTvrKpDkuq8dUN3,MD1wB2CL9w9YYtHodbh9JfZ9uv5vAqx57g,MGT5Ryv37jZsHGrn3aifuUG1Udb59wVHdF,MCjNUp5ZTuYZcWR1aqWc7ZshLS9pFug6CT,MFB5AwjuEbDxUaK5LU9FM1UNoS8paBjq8q,MCvTc1K8CJDF6dkGQKQrdfcCNAufBfooGK,MBqs2wMetZRTkNHGPYigBCtU92BJrobhhU,MR5Hywp6syA6smDRiXfGSzy1GWFoswYkYJ,MPevwtFb9ZeeYKGvwysPXLRGxD6LF6tX2P,MU5k8p23YE347xEXDF9YrVbtVoKSoyktbs,MMkk85UBa8ndw4VAxNquvCEddPtCpJAEQC,MHV82fakjNP6zdztd1TMd2rPFYQkoZbZQV,MERsG9tmvEEqzFTu9jddqxtyj4Fx5hQVBv,MWQexd34LEAZiwPdPuwv3eGLea9Pi5rrgA,MBjNV8dRaejS5fV2nuELfvMrS4k7w6R7XK,MDJSiPXBCLbt7cERNz9vQHmo967yaSULvU,MM1c39PARbXXVNnWskHGk6C7Mg55stQdiw
MVbewxNetSqqYDzgqNsQmdFD7ZfwygAGke,MWW4HWivjY9mUL9xwMcVUQSWwpLL1QLbB1,,,,,,,,,,,,,,,,,,,,,,,,,,,,,,,,,,,,,,,,,,,,,,,,,,,,,,,,,,,,
MQXYaRu7o8mwVG8FWHRTdZFfmn48R19M1C,378uLCNixBF8aE9WCWtvqDmmxCJKkRXLdJ,,,,,,,,,,,,,,,,,,,,,,,,,,,,,,,,,,,,,,,,,,,,,,,,,,,,,,,,,,,,
MEz6wA4CExxfAQaM1fjpQVvFUqTEP6q2s2,32mZmxn9VVUJLbWBLccuVCGtuxunuRAkTW,,,,,,,,,,,,,,,,,,,,,,,,,,,,,,,,,,,,,,,,,,,,,,,,,,,,,,,,,,,,
MDsiZRpJZHLMHTsSp4nTM56mrhHZExCt7p,,,,,,,,,,,,,,,,,,,,,,,,,,,,,,,,,,,,,,,,,,,,,,,,,,,,,,,,,,,,,
MToALRYfQyMTg92gsHYVhYGVWfCV7oVZs4,MJwsd8cMb2CWpH7Zx6sc1r1j3wp8KZdFxd,,,,,,,,,,,,,,,,,,,,,,,,,,,,,,,,,,,,,,,,,,,,,,,,,,,,,,,,,,,,
32iiBHrmg4sc5HbwRDMnyiooHVZFSJFo1J,MCSz31oDwrgnfpE6mUSa8Yr4LXASneCpBy,,,,,,,,,,,,,,,,,,,,,,,,,,,,,,,,,,,,,,,,,,,,,,,,,,,,,,,,,,,,
MU6mwq7gEZspQe2VPoqL81xn711z3TVx6s,MFJZrbJiRyK5URX68dvYcyy2PA71HyTgSq,,,,,,,,,,,,,,,,,,,,,,,,,,,,,,,,,,,,,,,,,,,,,,,,,,,,,,,,,,,,
MTcw7v6accmsFGJqHdHv8b74AJHSvrMjdk,MDiceFe5zZGCzRVHwLf257FRHBbCbXQZdS,,,,,,,,,,,,,,,,,,,,,,,,,,,,,,,,,,,,,,,,,,,,,,,,,,,,,,,,,,,,
32hKGSwppmEnw6wc3avhhScZf9pcGYjeAE,MJHfiLwrE4D4yi6FEM2keG3t9j8NyjdsRL,,,,,,,,,,,,,,,,,,,,,,,,,,,,,,,,,,,,,,,,,,,,,,,,,,,,,,,,,,,,
MUvsGcXZaPx2hewa9oi2TWcSE8sHyKDH8V,MDpp5unSYw2ajK8HXbqpfy734Qtq1VUkx7,,,,,,,,,,,,,,,,,,,,,,,,,,,,,,,,,,,,,,,,,,,,,,,,,,,,,,,,,,,,
MEY2G2fPbWjNSyYb7xyVwdf8LR8r6qMKqN,MBC4XH7fVi2TcvkgtAUs4CzDDJBC4rA6Np,,,,,,,,,,,,,,,,,,,,,,,,,,,,,,,,,,,,,,,,,,,,,,,,,,,,,,,,,,,,
MUvWYf1xSc8hwGupGeZ2dKp3LVsgv92czn,,,,,,,,,,,,,,,,,,,,,,,,,,,,,,,,,,,,,,,,,,,,,,,,,,,,,,,,,,,,,
MRZEdv8ZwwZV4gkgS7AYvL83bZ9x5adSP1,MFUHZygM6i8hvnyB2PXQdjJNmX7NcZNLc3,MDuVKHAX9jkUN6xUYEmH9Cn4pPdEG2S7mD,MVPVmbbm7g3f9PF2xRV6RSoSnw8xfr8kNj,,,,,,,,,,,,,,,,,,,,,,,,,,,,,,,,,,,,,,,,,,,,,,,,,,,,,,,,,,
M8xVeTgsWfK2DPw6wUzofyPhXPufm1Ar5o,MMhUAGMx77CfE8yz2EE5yXwtmuP8yFoSrU,,,,,,,,,,,,,,,,,,,,,,,,,,,,,,,,,,,,,,,,,,,,,,,,,,,,,,,,,,,,
M813F5yTUPbgrXNrfG5JrCDBW44j9v63fy,MJqSWVE6Q1CufMtPToDGUAgECJdFz5tGYc,,,,,,,,,,,,,,,,,,,,,,,,,,,,,,,,,,,,,,,,,,,,,,,,,,,,,,,,,,,,
MQ8UaPNgxHAR4BZvt4x7pzJJoSTe2v4zdZ,MRjUiVWjR9BZ3qNM2m5GSvSehivSufgcV6,,,,,,,,,,,,,,,,,,,,,,,,,,,,,,,,,,,,,,,,,,,,,,,,,,,,,,,,,,,,
MQxqq4EQXxdubQVsiqedi87xW1M7aXRFaH,MCZs8ZGACQ4Khi9TQZimNXMgGP3ZPP3EZb,,,,,,,,,,,,,,,,,,,,,,,,,,,,,,,,,,,,,,,,,,,,,,,,,,,,,,,,,,,,
MLzCRsMNQFzQFPZDovNuGLXihe9d9BHHGf,MLerwQH5LbKuckYmKCp9HAYoK7n37GFjUM,,,,,,,,,,,,,,,,,,,,,,,,,,,,,,,,,,,,,,,,,,,,,,,,,,,,,,,,,,,,
MRwiqrxpUrW8u2NmkU69iGjDnayq7ueKnN,MH1RgqZcRZpeY3vkqZbbreFh8mFvVp8bDb,MVPVmbbm7g3f9PF2xRV6RSoSnw8xfr8kNj,,,,,,,,,,,,,,,,,,,,,,,,,,,,,,,,,,,,,,,,,,,,,,,,,,,,,,,,,,,
MLn8vWoyZetuir4QD36B45HcheAAntmvcQ,MVBX4Z5KEdnhMj9fy21ggSKmoZ1nScDwy9,,,,,,,,,,,,,,,,,,,,,,,,,,,,,,,,,,,,,,,,,,,,,,,,,,,,,,,,,,,,
MMqbbiSc7Asm6aWTH2sngRQ2P7njGJWAVV,MPYq1eJVWofz49Sthu161bpdzWKjRSjTWe,MG65mdWd28Gmgvyc9ckAYpyHQLYUD9Vmzv,MVPVmbbm7g3f9PF2xRV6RSoSnw8xfr8kNj,,,,,,,,,,,,,,,,,,,,,,,,,,,,,,,,,,,,,,,,,,,,,,,,,,,,,,,,,,
MBoEQvu3rreYuPeoGGnt6nBwnTA5s1bYmK,MSynTpTEeDnrKgDX1TAGt1z4zSthWUrG3L,MDA15n24CH2rXJdz7J7YqCjShzVU88o787,MRyBgLXS1mha61Feo7S8TGKeGmbtoGGBAv,MTMHn1v7Ec89ucqR3aNRUXXScozeb5hxta,MPc4vKQSshSuwFmMV4u4zD3pUGUMtAijY1,,,,,,,,,,,,,,,,,,,,,,,,,,,,,,,,,,,,,,,,,,,,,,,,,,,,,,,,
MPbbBdYGWLos4vjbRou7SrwwHZ4m1vKvuU,MTzKug1wAULf4CoHAAGkjfHQ7uckecd57B,,,,,,,,,,,,,,,,,,,,,,,,,,,,,,,,,,,,,,,,,,,,,,,,,,,,,,,,,,,,
MMQf9eujBa5yuwfQByue4bCZ9MPER9Hyx7,MDRHBaJKcpGX5UmtPPSuQfpFq1GtCQ71j2,,,,,,,,,,,,,,,,,,,,,,,,,,,,,,,,,,,,,,,,,,,,,,,,,,,,,,,,,,,,
MVqbV8nrUfHmpuj9th1PEu77t5KPHZUjaY,MB6XGLy1ei8TJLwkU6LxPPMenfm7W8gmrT,,,,,,,,,,,,,,,,,,,,,,,,,,,,,,,,,,,,,,,,,,,,,,,,,,,,,,,,,,,,
3Q5mrgxHVzwdU6KW39jTrMaCAgnWuuVKVQ,MJx6c8L1hanCaeabFjfx3PRvA5zQ9vwdSr,,,,,,,,,,,,,,,,,,,,,,,,,,,,,,,,,,,,,,,,,,,,,,,,,,,,,,,,,,,,
MTuc1Tb2dRWKKipf6YuFbLNAepnAWJq8cV,M8NQMQBJiW6NTeAmYaAtEsNvZyyHBXrTWV,MCoxgim2J2xCoiEay9JJe8sdhvgjuqib73,,,,,,,,,,,,,,,,,,,,,,,,,,,,,,,,,,,,,,,,,,,,,,,,,,,,,,,,,,,
MHqWfLuRqWmuxGGTASsgFZjaY3LumLwUHT,MVPVmbbm7g3f9PF2xRV6RSoSnw8xfr8kNj,,,,,,,,,,,,,,,,,,,,,,,,,,,,,,,,,,,,,,,,,,,,,,,,,,,,,,,,,,,,
MPYq1eJVWofz49Sthu161bpdzWKjRSjTWe,MUsp2sKtjXcgoFRKoaeXm2fQQZppRVPfwa,,,,,,,,,,,,,,,,,,,,,,,,,,,,,,,,,,,,,,,,,,,,,,,,,,,,,,,,,,,,
MWYLCic91GCTbpdb3FnwQeKpYMkDDmcb3o,MGr7BWyhcjK1v3md1uD1Rp7EFyCxQBtYNn,,,,,,,,,,,,,,,,,,,,,,,,,,,,,,,,,,,,,,,,,,,,,,,,,,,,,,,,,,,,
MVVkKLBrgZ8J3qEqn1Lwb83AuHg57xkYqF,MV9KHSvipEn7tULqKzsgTwf9J78mS2Ev7G,,,,,,,,,,,,,,,,,,,,,,,,,,,,,,,,,,,,,,,,,,,,,,,,,,,,,,,,,,,,
MMAGNz5T9CWC3NvAFf3C8td1wWEkLsDjkm,MRtMovuMPmuCKY5AMX2GDEXDKwRPLzRdMV,,,,,,,,,,,,,,,,,,,,,,,,,,,,,,,,,,,,,,,,,,,,,,,,,,,,,,,,,,,,
M8VU4F6PHNdrRkPyByxwoGTPPPXS1bAzsM,MUziJuB4TgFzNBh79BX6zbBUVX1Z1Xne2X,,,,,,,,,,,,,,,,,,,,,,,,,,,,,,,,,,,,,,,,,,,,,,,,,,,,,,,,,,,,
MBhBZfELkr7hUK5SFmBArm57jDcbZgrBy6,MT3j1KFUvuJe1161BkJDzobngXXcqdTLU6,,,,,,,,,,,,,,,,,,,,,,,,,,,,,,,,,,,,,,,,,,,,,,,,,,,,,,,,,,,,
MWNiUjzfS34EqYvYsEpJMYBAr5zfHnKb2P,MRRkved47KfdPg4szx4G9XFrggSEvyRGwa,,,,,,,,,,,,,,,,,,,,,,,,,,,,,,,,,,,,,,,,,,,,,,,,,,,,,,,,,,,,
MUvWYf1xSc8hwGupGeZ2dKp3LVsgv92czn,MLVJPe4pkqpdrn9sgLpKNk2V8Gp7EFq1U1,,,,,,,,,,,,,,,,,,,,,,,,,,,,,,,,,,,,,,,,,,,,,,,,,,,,,,,,,,,,
MSXJH6Z2ZdL3QVBzzqFM5iRvJAb2ZrqVN8,MH63fMhUFcdDrtYgCH5LZNPyYrf5fAfzRu,,,,,,,,,,,,,,,,,,,,,,,,,,,,,,,,,,,,,,,,,,,,,,,,,,,,,,,,,,,,
MFBTymrtGCBuAefHJgm3TMKE6SWrJw3sEC,MNQTd2BiwnRGfWndHi6WqQ5JxUKUKwndZf,,,,,,,,,,,,,,,,,,,,,,,,,,,,,,,,,,,,,,,,,,,,,,,,,,,,,,,,,,,,
MVPVmbbm7g3f9PF2xRV6RSoSnw8xfr8kNj,MN3YZ6g8zLCS2zP4a3K1yHexRXqFjadWtv,,,,,,,,,,,,,,,,,,,,,,,,,,,,,,,,,,,,,,,,,,,,,,,,,,,,,,,,,,,,
MPzWYBHYYZbYTf6tZWnTkdNp37FrMGhjof,MN3ZQkG2XrdnUsRQb6JaDxW7SurBdU8Stu,,,,,,,,,,,,,,,,,,,,,,,,,,,,,,,,,,,,,,,,,,,,,,,,,,,,,,,,,,,,
MNttLFLf4fZX8GQVnG6YzFnyNeHcNSrY1w,MBqYLzamjbgmwAybieHj9AQHApcGqhiF6d,,,,,,,,,,,,,,,,,,,,,,,,,,,,,,,,,,,,,,,,,,,,,,,,,,,,,,,,,,,,
3BH42ro5rF3CBukqMQokejRyr9xpFNYnsm,MFtf2BD1qrzRY8HT7pq4nHu4Gog8Sg16nL,,,,,,,,,,,,,,,,,,,,,,,,,,,,,,,,,,,,,,,,,,,,,,,,,,,,,,,,,,,,
MDdxvNJWZWRmg5KKCYunwDXQ69f9MznFQq,MAGqxKmJxuqfBDXw2KNvUUrrwxiVMyLCjV,,,,,,,,,,,,,,,,,,,,,,,,,,,,,,,,,,,,,,,,,,,,,,,,,,,,,,,,,,,,
MB91KvWKj4Ugbk1cPJVb9jkCvFHc8Aev1i,MHzAYYg2YixB3Hdw4rQsMbxD7degZBfJtr,,,,,,,,,,,,,,,,,,,,,,,,,,,,,,,,,,,,,,,,,,,,,,,,,,,,,,,,,,,,
MGw22dtVXzwAiRmjLzuNWVaw18APkhBHJB,MVPVmbbm7g3f9PF2xRV6RSoSnw8xfr8kNj,,,,,,,,,,,,,,,,,,,,,,,,,,,,,,,,,,,,,,,,,,,,,,,,,,,,,,,,,,,,
MGxQdprKz3hyssYuYT5zsT6L8ATWwHou67,MCa5CuUdg7LnSdRH3R8EKCzRkFySKGWB4a,,,,,,,,,,,,,,,,,,,,,,,,,,,,,,,,,,,,,,,,,,,,,,,,,,,,,,,,,,,,
MVPVmbbm7g3f9PF2xRV6RSoSnw8xfr8kNj,MT5R8mTWGBc2icxAAjmCkN8XTXPH9GVDDa,,,,,,,,,,,,,,,,,,,,,,,,,,,,,,,,,,,,,,,,,,,,,,,,,,,,,,,,,,,,
MBazLBkBgAsTX4UGC4wCQzcxsy2bw58rf7,MK4js6RaBX73mTJz37ERTRfXmAzN1fh3BG,,,,,,,,,,,,,,,,,,,,,,,,,,,,,,,,,,,,,,,,,,,,,,,,,,,,,,,,,,,,
MUsvUJvCexB6RTn2YXPuZ7fszxtT2QcLcs,MK2V8Gn2To1249nnj4emMRs8nSUKD1YjhU,MQMG8DBpfYTpYuPnYThbjM9jyeVqZqtb9B,MLuxmJMkTzZgfMExbAmNfy2CuyD4Vkkq8L,MSmFWpqk2SGWPyQCDKDpb1CEDCReFmoigN,MFhn2nDfTX5eYJzaPro9F5mFY8jJn82C9s,M8URXXWDNs8hcTD4mAYMBNTjL67634KKkG,M8zGy81Te5mLabyS9F7EANJUa3H3wTABHb,MHbpXTYuBSxkfdR7t9rPtN7Tr9Mgk6Fqvs,MTQdKi9Cc1DawSbXNWkw9ANrGR8TwTQyvL,MEuYT9dvQjafeATwQp6sf77con9VtSidHZ,,,,,,,,,,,,,,,,,,,,,,,,,,,,,,,,,,,,,,,,,,,,,,,,,,,
MFxwrKLczXt55DL7UVFbXxpro2GUBhnDb7,MPv2jEB8GR2AiMxrMr6etZ4U2DEnFb6g8p,,,,,,,,,,,,,,,,,,,,,,,,,,,,,,,,,,,,,,,,,,,,,,,,,,,,,,,,,,,,
M8qitx8U2rBpRhoXcopCisjUX3tgXoj4st,MJnrRmNnQq8pKmi6mtoyrVyy9DEtaLgUCj,,,,,,,,,,,,,,,,,,,,,,,,,,,,,,,,,,,,,,,,,,,,,,,,,,,,,,,,,,,,
MVgNP3nXUUaL2KQ8FhozYNWqXEJ2yEWPr6,MRJ3rFT8QjN2BZ7ZEigYR4f5i5ev8ZAnvv,,,,,,,,,,,,,,,,,,,,,,,,,,,,,,,,,,,,,,,,,,,,,,,,,,,,,,,,,,,,
MU3NMPT7xCPvfTvQD1ZNggAgkX15dgk94z,MUW3R5DfjmL6KHT4ZG5G6mmJWUp86DsTPg,,,,,,,,,,,,,,,,,,,,,,,,,,,,,,,,,,,,,,,,,,,,,,,,,,,,,,,,,,,,
MNTwQbnsA4fteiup7oxaQugWr6jYoiSXae,MLctkvuFqRaqmRCP5Xtx14gFZFFp25A3Xa,,,,,,,,,,,,,,,,,,,,,,,,,,,,,,,,,,,,,,,,,,,,,,,,,,,,,,,,,,,,
MJpTHvn5TSgzr6mNsdEu28zMnQX232jr9q,MVPVmbbm7g3f9PF2xRV6RSoSnw8xfr8kNj,,,,,,,,,,,,,,,,,,,,,,,,,,,,,,,,,,,,,,,,,,,,,,,,,,,,,,,,,,,,
MGVJhtPAtiYxbYMqpPuJ3aj3TwqR5A6edh,MVPVmbbm7g3f9PF2xRV6RSoSnw8xfr8kNj,,,,,,,,,,,,,,,,,,,,,,,,,,,,,,,,,,,,,,,,,,,,,,,,,,,,,,,,,,,,
MMgcaxQGhdHKfyNZHKVp7b2BwWhwcPmY98,MKKP1jBceVoB8agLsSApw3Vx3X9w3rSRfx,,,,,,,,,,,,,,,,,,,,,,,,,,,,,,,,,,,,,,,,,,,,,,,,,,,,,,,,,,,,
M8hbtKZ1yCoTRAD4WETwKUokXTser4Zf7Y,M8PaabX1Dc9vzR8bPMHC7kWuX8dsKHxd48,M8RMfYm8eVLdJaEcvT2oNLDJKm3kyGLSEA,M8xizvjzed1ddG5JLNmfE2osYEnAeYPxgs,M9pqoLe8uQXZuf2Zp5kkZh8apZwpJgB27S,MAFfnYvPdRUPxjR78qmi46td6ocUaZd1Aj,MDeRKQS9o1MgPjku8ykFoAcLAnWKKKCMTM,MDMFpxx276CPzCDBhdAtcZqhMn37FMjMcS,MF2jqLXnFpb6hCgJFT3tAF14GcRNsVj8BJ,MFN4AQfmNFBikdDQphYog2XBd8Acuntpm6,MFw9KzVUSZW6qWc1yod2eFt4dwFrgY9WKu,MMZ7XyTQuoDBo5cpRqN79zHrYYsMSbvRQT,MNNtn9KPT9Rzpufo4QQFBtpX7uYA1BtBHa,MNMh659n5TUqyMUjodGrv5PLgBcmze7qEp,MPW9ZbJNg7sJQ8ypgNGm5iko5ReKRbVmGQ,MPaQtqRTAzphCFUB5DHzEJapaQG5dK1jS2,MPJAU2qm2cMg2RLyizKpzXdukHN1hwK5Ak,MPkqE53S9PXVtP5DryZS5RvGPxoSViQjXr,MV582vawBkBbbwfSd5Fm8j2ibgs2xMJ7UR,MQZAH38Evdz2ZV8RajMQVBqUwAuWqyg8vG,MUMnWDGNDyzxprZqTn7JN9n47asmHhMfcj,MVPy6hMtdRUZN9LJ9EsXEyyN1iyLPoBAJH,MVvRcm23pwTkZeTr8MTg19CxU8Z9iV8qBi,MWRXd3wGG7AwKC15sDyopVzNQDkZXq2Lb2,,,,,,,,,,,,,,,,,,,,,,,,,,,,,,,,,,,,,,
MU4MX6g1ThxSB3W5ERdcDC3zAEyCox5BDp,MKgTHH486s7cn3p6Fp7FEG8qFeYtRZP97g,MWzuz9ZL46uz2peYYVeUA8KfCyWZs5V5rk,,,,,,,,,,,,,,,,,,,,,,,,,,,,,,,,,,,,,,,,,,,,,,,,,,,,,,,,,,,
MP3vJfLoSMFYHBVaNcgzqri6XPXeaVjiVa,MGyR7DBMqMaubXRHkTVEGnTDc6LVfNH6ra,,,,,,,,,,,,,,,,,,,,,,,,,,,,,,,,,,,,,,,,,,,,,,,,,,,,,,,,,,,,
MKz5a7uF14xHgTQH9ZAjQtNYF38qaJLVh9,MVPVmbbm7g3f9PF2xRV6RSoSnw8xfr8kNj,,,,,,,,,,,,,,,,,,,,,,,,,,,,,,,,,,,,,,,,,,,,,,,,,,,,,,,,,,,,
MPYq1eJVWofz49Sthu161bpdzWKjRSjTWe,MRBm6zSeboyF1Hy3Zz8meULv2p9M91ABKy,MNERiZTUqZTobgojzAqxvFfyG2yRz1i8zd,M9YGJVxPieHSk35tSUcD4EiVokwSD6r3np,3AbREoXJRGkDWySSu6F99Rs9aivAUHmmwy,MVPVmbbm7g3f9PF2xRV6RSoSnw8xfr8kNj,,,,,,,,,,,,,,,,,,,,,,,,,,,,,,,,,,,,,,,,,,,,,,,,,,,,,,,,
M8H8k2deK5AxxEsDEG6fyPoyKAxDf7tiiy,MVPVmbbm7g3f9PF2xRV6RSoSnw8xfr8kNj,,,,,,,,,,,,,,,,,,,,,,,,,,,,,,,,,,,,,,,,,,,,,,,,,,,,,,,,,,,,
3BVpwE2FbMmYnLwnRZCZmiB38kaqBcwfkH,MKUHcXfrr3mXdUqFRHLgYqnjzNTCCMwim3,,,,,,,,,,,,,,,,,,,,,,,,,,,,,,,,,,,,,,,,,,,,,,,,,,,,,,,,,,,,
MMLWN1bbBzEoN6X3GV4D4QFA1avgpU9gdc,MDs8Vvp57E8gDWP2RaquCb1UjJVKShqXc2,MVPVmbbm7g3f9PF2xRV6RSoSnw8xfr8kNj,,,,,,,,,,,,,,,,,,,,,,,,,,,,,,,,,,,,,,,,,,,,,,,,,,,,,,,,,,,
MNSXzrz6gi8sTzYG2qogaVfYwFpmyNDcc3,MHcRRzZwAsSNkAJc93vUrTDTW3UsqXLu99,,,,,,,,,,,,,,,,,,,,,,,,,,,,,,,,,,,,,,,,,,,,,,,,,,,,,,,,,,,,
MHuCiUxAgWLQbjRcpYGh9VZNWADM8FSYMM,MDwWzwgWeiedSWKQWnGgSHzxfrvagPGowN,MM5VMCYARQ9YWdkJHAB1sipKDGyCJFPYKH,MVPVmbbm7g3f9PF2xRV6RSoSnw8xfr8kNj,,,,,,,,,,,,,,,,,,,,,,,,,,,,,,,,,,,,,,,,,,,,,,,,,,,,,,,,,,
M9knoUs94RZWSRWQWroims78Yp9NJt8Hpa,MNuDg5suJ86vfNfAbQXnMGhhUHJ5pBnJML,,,,,,,,,,,,,,,,,,,,,,,,,,,,,,,,,,,,,,,,,,,,,,,,,,,,,,,,,,,,
MQVwE2haVeHJEjGzetMBD1yCPDRc5rZqga,MJ3JyMFRZmxQdor9LjemAWvkE8pGDHC2Zh,,,,,,,,,,,,,,,,,,,,,,,,,,,,,,,,,,,,,,,,,,,,,,,,,,,,,,,,,,,,
MVrPnDbJWXDSjs9sn1h3j492MQAAAhKRDe,MUSUDxspnGRp5p1cH5LtBzekCA6XbEEZGf,,,,,,,,,,,,,,,,,,,,,,,,,,,,,,,,,,,,,,,,,,,,,,,,,,,,,,,,,,,,
MPYq1eJVWofz49Sthu161bpdzWKjRSjTWe,MVPVmbbm7g3f9PF2xRV6RSoSnw8xfr8kNj,,,,,,,,,,,,,,,,,,,,,,,,,,,,,,,,,,,,,,,,,,,,,,,,,,,,,,,,,,,,
MGMB3aPakLWDBHSuiEGQi7hAd2TbeBV6W2,MLHMxCY4TFrbwbcWXUqZuYU5aCpaZPVENz,,,,,,,,,,,,,,,,,,,,,,,,,,,,,,,,,,,,,,,,,,,,,,,,,,,,,,,,,,,,
M9u9PhmibEHkEVHRN3SapA9qDWFhUZRiQw,MMpYYCjd7J5ZfXtCuLfCv5oWdHAFKPAgtC,,,,,,,,,,,,,,,,,,,,,,,,,,,,,,,,,,,,,,,,,,,,,,,,,,,,,,,,,,,,
MEQUoX7qejwiibjEdYHNXp1MXTFXGsUBT5,MSDXDiDoacrTUhnfou5LgnZZbDoA7NBD1q,,,,,,,,,,,,,,,,,,,,,,,,,,,,,,,,,,,,,,,,,,,,,,,,,,,,,,,,,,,,
MRjUiJFoJBe5FPD4rp7txiQXVeoa7R38F7,MJPynem7sr7kK1vqMV817pVLpHZa3UiuJB,,,,,,,,,,,,,,,,,,,,,,,,,,,,,,,,,,,,,,,,,,,,,,,,,,,,,,,,,,,,
