ME4f6fRxwuExWh84WDPnV9u3ZayEYyG4Xe,MRBPWCfirWyQm7NP4hFN7VzVe8EJtbZZJd,,,,,,,,,,,,,,,,,,,,,,,,
MCdHSMXpL6Q9NJQrsCZTUbZ8f5mpYcAiiN,MHeVXu1ou9PqTmHyuyToLmbR8ZhmcnaPrF,,,,,,,,,,,,,,,,,,,,,,,,
MUTjNAD3K8RxrRqc8E1Vm7MBMmXWSCxzDD,MKffBcDrKQMcjwXm2pw64JvXUz2fSNYxtj,,,,,,,,,,,,,,,,,,,,,,,,
MAefxuphKHcQ42dkjpGB6fcKVvjYwM1NEd,MNjcvSs1MSVoaXTd19JwvXXet4JsFr4JDh,,,,,,,,,,,,,,,,,,,,,,,,
M8Kk5jVPdX1bcFiZQ6aonkzk2XowASELWP,,,,,,,,,,,,,,,,,,,,,,,,,
MFaCYYrthwmnLD5wceB7TXSWeEB4YVyDWd,MBZ9fmCtob2tVJS4ebshQ5ozDRsn2gTVxe,,,,,,,,,,,,,,,,,,,,,,,,
M85A3tjMs1NYCS3JifqQHNG3jVnJvAR299,MCJopHwpfyX5fH2oLtRAPr58BNqC7duZuQ,,,,,,,,,,,,,,,,,,,,,,,,
MJp8ZAjsYZvBXiTq7vCvqo5H1KW1F7eVW2,MQvgug49KRKfpjra1rnrvNpfYzzzxSpLcE,,,,,,,,,,,,,,,,,,,,,,,,
MTcyhGoHGfApo95MjYQYxvZW8KNzaVEwo5,MUJ1nBxpAzdGdNhTN1x3MCtyeBa4DbdqpK,MQCckNzCkqGgB6m6ExR3dcFthRK7YLYh5b,,,,,,,,,,,,,,,,,,,,,,,
MB7PW5Pews7sxuxxnjzrm8N4SKiCtUusn4,MQ8iWmF5vfotkDJdFGP415TG6SiL9Z23Hx,,,,,,,,,,,,,,,,,,,,,,,,
MChnnicbphsiKAgUtFrdxBemmbFGUwTVHJ,,,,,,,,,,,,,,,,,,,,,,,,,
MKAkRDJQ8fVL3dztxBTWzTJfCRfyhMwsRh,3LLVCH7nzB3YT4pUFdepwAauuNsExLbppp,,,,,,,,,,,,,,,,,,,,,,,,
MV1hK38YXuPb8wTQYoNBjH7JyAyA8jxTQu,MDQqaSGQ1FaNk9LMJrwJuz4ZeaK6L48FBp,,,,,,,,,,,,,,,,,,,,,,,,
MQugibEhzrr8PL49PveMqL6gYyw8HNZQUt,MVPVmbbm7g3f9PF2xRV6RSoSnw8xfr8kNj,,,,,,,,,,,,,,,,,,,,,,,,
MT6uBYDpqPQ9pdLioUc9daBEjSo4KWraEm,MFL54x7AnskUVodPtWDiWhGP4tr8GqhZo1,,,,,,,,,,,,,,,,,,,,,,,,
MGxE14YWvGcW5UZ6HQeKhVbYU7GGRG7BLH,MJmnnJ4vkP3fmdtkNZgi2kuzWiFnXQxmZd,,,,,,,,,,,,,,,,,,,,,,,,
MATs3wgTLoedGtJFM6z632jg1gQKGTgmu4,MEojjatJQfpWFZiH3jLdhFZ5Ns4DoXNfUQ,,,,,,,,,,,,,,,,,,,,,,,,
MJJgkwFm6xSwSE2hdQeH5cEccn98Hv8mcx,MSWn2CN2fZvnpNeV8v5iHiiDnetBiNEabG,,,,,,,,,,,,,,,,,,,,,,,,
M8LocAPz1h8h87ByPLHQPZDsHRQxKAE9Yk,MKU4MMCTgPUUtAn9MwmPDwwV7Vk5ZjC5EL,,,,,,,,,,,,,,,,,,,,,,,,
MTH4ar8jbBDBp5M8qNPci8mZTipuUDbSXb,MSqhZZ91zdVfmX6PzcM7WFs5aPsf4LweaD,,,,,,,,,,,,,,,,,,,,,,,,
MN6nM7L7GwuesNfkhQstXbJ9aXyHNvSaAj,MRnUzAeL2k8XE7HFfbxd5QBmMYazmy9k6a,MAu6kAxcsFwDSNwh5NGbGD2B6R5ANte4Mo,MUJNwxMxXNTAre6F6zTeQVgyMM8FszXA6x,M9YpMJosRUeTsrGBN3FNERwFFXiTGQCZeZ,MWHKF9XNgro3MASbbsmx6WLNEYttfMtrN5,MKKEUQKrAS4crjMrdtzqN6GY8nvsRb6kBX,MNpuvfrCnBVHM9GWvUeeb7ES5U9FGEUjfF,MTWCvokUUrz1rodLJ8ySiBQTCuK1fBX2E4,MBzwKsTkpcmM2mesbEok3rsDBXbLfJDqhV,MPBhB4qpift2Zmt8Vd7M2WGqF5Xa5Fe7JD,MMH774jo2p6NqNup4GZXRQWfXGYpKpEb2E,MT9YAL8qMGuVkrf5iCwCZSpYxpFUNifn75,MRfSffFG9ZkjZBBoV8PyATBw96ZUWfFxa5,M9HBkLu2ydJnMupfdJKhFh8x4zU57D22jP,MV2bv6JMiaLcQD54SYFZBz1EtoXfEdr1fi,MSRu7KWD9sheAn6a4HqWryP2gePG7fQJEf,MHaZ5Dz111GxVH9NYJynAETsji7dMf6xvD,MQr8VkGY5QiHdXPbzJDZnJvCMVqVcn2grr,MS8rnKVmdw25K7nYBDD66v3TrRT3G9yhjn,MKaGBAiX5kVpdhNL1H6EnVU1YuGhS2thUk,MJQbQCj3u6MQNWhq6n9vRYZJgTB9yEGqoh,ML6nriXHeUm2neosn13mMPetbsAbhz1Awj,MFGUL4TQXJDw6en9LesXvUMzP5JP9MaNWc,MBvZHCLnvbbeYaj1zrUvJrn2ihC3moUix6,MAaNaPZ2ixPNkjrKKWiG9auNyaYWc1YofE
MWyQ7uo2JYPxQ4bMRvRUtLU2B3jFPaSmX6,MF8toh9RLLsLZVNf5YYP8EAh1ra84MXzkc,,,,,,,,,,,,,,,,,,,,,,,,
MB7PW5Pews7sxuxxnjzrm8N4SKiCtUusn4,MVPVmbbm7g3f9PF2xRV6RSoSnw8xfr8kNj,,,,,,,,,,,,,,,,,,,,,,,,
MUSsGjW6p1zgzyJpi5Fxrkp7qtWwrDxdwy,MVWPXY7wmqBCbZJpXWD77DAgtwu9MpEnZX,,,,,,,,,,,,,,,,,,,,,,,,
3BBfB5MH8DKfy7DncFPJFUAmGoviTAQ7wg,ML7nT5b81WBuhoZ58bUzAM3eHvJLDVvYZW,,,,,,,,,,,,,,,,,,,,,,,,
MLHMxCY4TFrbwbcWXUqZuYU5aCpaZPVENz,MFHg1SH8o8uxa2A7VUzvqHBZkQhqh25uGy,,,,,,,,,,,,,,,,,,,,,,,,
MQCqPW5iwmgWMBfieouZw95RvvGTsBzTJA,MMqobBUpjK98oCBRQiqPGubT3w89SyYkLC,,,,,,,,,,,,,,,,,,,,,,,,
MS7Dcq5RD8YbugDUYbXCnKD4hDiKyUJgpB,MFDvYJTvH4QSozGQUonUtF3P5VtWxWULrr,M8erZnmhtxSC8dzLuDt2L9HdVkC56PcThV,MWXoH7trZ5qTvXpgoq9sFsJbEWMYFEX2oU,MLtWcq7rj5ZdbRxUiVutFhghhUwXfgPnVr,,,,,,,,,,,,,,,,,,,,,
MH7iB3uiHMtCmrvgFP3as3Y8vNKRhj2FdE,MDkcx6U9xRP7GGFWvyDTQogtdnCE8JGtf8,,,,,,,,,,,,,,,,,,,,,,,,
MCdRD2JFqf9uYyErWadjVnryDEvZ4CaYic,MUKVkimkcaC63J1fof1DwPNq44BbHxUzmm,,,,,,,,,,,,,,,,,,,,,,,,
MUErZVsF4nmLgfunG5incuhv3pzsvf35gf,MGEdhtCJ4UM7vV7JmspFa2eVcisRz715yf,,,,,,,,,,,,,,,,,,,,,,,,
M8mkJwx8TpnomRZsgHgDKq4PDJ2ad6LyJg,MHm9R2Q7mJqyyoLWAxxV8cnzJSZdp51mCT,,,,,,,,,,,,,,,,,,,,,,,,
MDGvotrFM8nwgLjJwhHkuoWrL74DWyJWKU,MG65mdWd28Gmgvyc9ckAYpyHQLYUD9Vmzv,,,,,,,,,,,,,,,,,,,,,,,,
MKJ7Uq62RyNoD8EiHk9ZVugfWuWjK14X8Z,MDcWXciRV2EVTJ5GyfYZCM6EkxVZeEyMxJ,,,,,,,,,,,,,,,,,,,,,,,,
MPJjkpMDS1vXeXixPqjt6wgMroTrEYWcgA,MFEBriR43gKEfkRUAVMv3SDK7K3P6F1xU2,,,,,,,,,,,,,,,,,,,,,,,,
35Hy8E4WryCFmQpLXtdxkTGX531GaDCxM9,MFC68zofAvHCLeefvx617dk1CcUrLnNfMX,,,,,,,,,,,,,,,,,,,,,,,,
MKE33cV3VKFDectFiwv3i3Gy6GibUj3kPg,MSEHpRrNNMKrTo2iDEbACL22VSPrm1KDvb,,,,,,,,,,,,,,,,,,,,,,,,
ML9rvPwrnLEaHreHAGGcvGCCEUaBNmodXq,MH1WiCC7ea3evQU8gRNo9yHupSRYh6be46,,,,,,,,,,,,,,,,,,,,,,,,
MHFt3HtdyMdsKbeXu81kbircxZLWa4R62e,MRCoWengpR2XuvgAYsa6zHGrwtsscdqyfZ,,,,,,,,,,,,,,,,,,,,,,,,
MAeTEuxBdQ9Fop1aNt9W3pENs8UeJNAgnY,MN3ydQUTxk3wBWJiTKXWTUPxZiiKo2GijZ,,,,,,,,,,,,,,,,,,,,,,,,
MRLiDxyDCUEwwY9wMNrb6CYFagEDvfd62y,MLC6ToVxuNcotXod4wErLDXSTEEnzb7ofM,,,,,,,,,,,,,,,,,,,,,,,,
MFiR6RwZEu7HLzTf1T59Foqh9EViGrMzaK,MVeUQeUQUw5zq493Gxw3niNCqCPuHs1BK7,,,,,,,,,,,,,,,,,,,,,,,,
MFu2AvCutoFrAJYxAs3qiYgUcfRMSeGmCR,MNyMkFgU6jqdRWMFTqw8RJCa85LMX66QsH,,,,,,,,,,,,,,,,,,,,,,,,
MJpTHvn5TSgzr6mNsdEu28zMnQX232jr9q,MNtFJqQtj3phdNyP1JBdcGyQTDe6d75Bry,MQ4im7fsmdP8HNRqunSJr4U9ydwiqHcAhL,MVPVmbbm7g3f9PF2xRV6RSoSnw8xfr8kNj,,,,,,,,,,,,,,,,,,,,,,
MPYq1eJVWofz49Sthu161bpdzWKjRSjTWe,MVPVmbbm7g3f9PF2xRV6RSoSnw8xfr8kNj,,,,,,,,,,,,,,,,,,,,,,,,
M8EE8tMCcQSKDnRAkg4AxFSDAA6sW32Hp2,MG8ekEZWh1481fQdmNhybFhWe2X5tcMffW,,,,,,,,,,,,,,,,,,,,,,,,
MABH1WyvZwQaDzHhDMK9fJi9WQnyXpGrwJ,MSKgAoesr3h4BKKeX4EFEwFZr8pcQz9jgy,,,,,,,,,,,,,,,,,,,,,,,,
MEvTEUSJ3ua4WXeTtfBwpqZU2xG6XZoNkx,MN5d4WPqQcAnSvk5A1DYqR6T5pwD7vq7sW,,,,,,,,,,,,,,,,,,,,,,,,
MG2rG6RVaXwvbaByjQaRZyXDCr77852SYM,MB7PW5Pews7sxuxxnjzrm8N4SKiCtUusn4,,,,,,,,,,,,,,,,,,,,,,,,
MFL54x7AnskUVodPtWDiWhGP4tr8GqhZo1,MESEKjKqWKeMmv3CXHUgSeKsM1EB6Vapvb,,,,,,,,,,,,,,,,,,,,,,,,
MQZ7in1TP3S7qU2ioGfV8CLjZUTSkKd3jP,,,,,,,,,,,,,,,,,,,,,,,,,
MC7sWHF9VyV246Up8GfsGrvii3vzaaMko3,MVeUQeUQUw5zq493Gxw3niNCqCPuHs1BK7,,,,,,,,,,,,,,,,,,,,,,,,
MRzvw3Vzh4jJNBQrkWUVoVUkAeGc8q9Csk,MTQYHwmRFkkk6c68pRCHcU3MTjQ7m9Rzfc,,,,,,,,,,,,,,,,,,,,,,,,
MAobXXA2iFMXAJ1VpSJKwZtibpLLMKzYvX,MASSYxyGJ8XjGJCUKMcnFQU7ddbrsSEtKv,,,,,,,,,,,,,,,,,,,,,,,,
M8DwxBvFGsRayjwT2VoZjZv3r6Lzo21C3g,MEYLgwu3cYdM9ww3AKk3mmCi2AJjLukZzC,,,,,,,,,,,,,,,,,,,,,,,,
MF5Kh3tZqBWrcCdqVAh9hw6g5Ts5WtiJaY,MVPVmbbm7g3f9PF2xRV6RSoSnw8xfr8kNj,,,,,,,,,,,,,,,,,,,,,,,,
M9R363r918FcSfWBmKxQNpG6znk5ogs6Xk,MV7f2rZzHew2umJK1cqV5fxU1eJfnWJJTT,,,,,,,,,,,,,,,,,,,,,,,,
MAoDg2k7oZp94D2Bfo1xez9GK9Dqk5J4dQ,MTD6U6NQrLGnzRw38CJDkS8kiNSn4jCgrg,,,,,,,,,,,,,,,,,,,,,,,,
MPYq1eJVWofz49Sthu161bpdzWKjRSjTWe,MVPVmbbm7g3f9PF2xRV6RSoSnw8xfr8kNj,,,,,,,,,,,,,,,,,,,,,,,,
MPoaV4CCpqY1a7EmZ1XGD6NKophGeYRzvZ,MKbwjd9u9iDnfAbRQEtAYPJqqJ4Xmxd7cm,,,,,,,,,,,,,,,,,,,,,,,,
MDmScmoE3xFJB6iJXcR8sUcdjJu8Mcjszr,MUouwgb4B4qRpk1he4nkPCjpvFp3edAuP7,,,,,,,,,,,,,,,,,,,,,,,,
MUR4DUWVYKR17AWxgp1gdqUAuxeH2xxgYB,,,,,,,,,,,,,,,,,,,,,,,,,
MWZkm9bQknLQEWWvwEyNfySpbZHA1zf22G,MVPVmbbm7g3f9PF2xRV6RSoSnw8xfr8kNj,,,,,,,,,,,,,,,,,,,,,,,,
M8UZjcVtcKd8wMpF1nCsseXgBNNBA4G4TX,MPW1VxRwzSuHK1X477a9WEocz3znBcTqaN,,,,,,,,,,,,,,,,,,,,,,,,
MKevsJP98ggmw78SxFQcGTQct8rh7WQMXz,,,,,,,,,,,,,,,,,,,,,,,,,
MV68nzjBWWWQTQRhvahHeDje3EDeHjUgUL,MWdejV3XD2UjFi6TpGqPKqTg6zSrp6nhWz,,,,,,,,,,,,,,,,,,,,,,,,
MH2GcPWdKBzdZPHWbmh4PUkN8MzCvP826H,3LMicpcuubcfa6eR6NDG37CUxjNN5Bp9xW,,,,,,,,,,,,,,,,,,,,,,,,
MTbo5mG7DefrbBAuYBmgyg7HZaBH53oUyM,MGmC9yV2cvuqhKfmiRMQStLRJ7928RA1MQ,,,,,,,,,,,,,,,,,,,,,,,,
MAurhZEM3PPU9vnYz1UiUcQ4VmrRSFoSGE,MTCcFMU4HZBh6RCuDbpDVLkVGL9FxU5mZm,,,,,,,,,,,,,,,,,,,,,,,,
M8urZWSX6MRv1hPzTpdcwvguCtUbZ3XqFa,MWNoxQTZoz8hqpg6S1b2RKziPNhJrvC415,,,,,,,,,,,,,,,,,,,,,,,,
MDqmpQNnjzS3ab9bzga3pwBrG18xELvAgy,MUjyyQzRdumNFv8z9E1JpHtHEqGk4kXaCh,,,,,,,,,,,,,,,,,,,,,,,,
MEGM92ui7WahrVZXeGoMHBNQrs4bTEeg8j,MNk3k7CYKAWBnPWGhQMYJCr8P1ncEA6XtB,,,,,,,,,,,,,,,,,,,,,,,,
MMiqSwo2VKzhAeozsB2xXPt1ZHzE1PjTcs,MVeUQeUQUw5zq493Gxw3niNCqCPuHs1BK7,,,,,,,,,,,,,,,,,,,,,,,,
MCaJnK5dJj5ga5rqwkrdHFXqLrLXh6coHf,MJmBENEdnehURTG1My3MpXgbKdXBAkCZNp,,,,,,,,,,,,,,,,,,,,,,,,
MS2T5u349bzZxuhaHeqJ6CHHhXTjSP2UZ4,MP9mqHv7Km7R3j3HLaaY5B35F852Q1ihXh,,,,,,,,,,,,,,,,,,,,,,,,
MDDEfEJHWXJjQJkBtd1DB1kAchwtzjk2hk,MUtfX98yc1W5ZMbj6B1ui9bZfgqVyfxVxV,,,,,,,,,,,,,,,,,,,,,,,,
MVPYfj9schmVvGa7jjd26ogwoFMAcZNYj1,MU4K8vNLfrNpybbYLZ2q7QNpZfcXa1Kb32,,,,,,,,,,,,,,,,,,,,,,,,
MSsDQD8189YcE5tgQpAxNbAhiSzLr3tLep,MFRnDjzETk3bqyWu9oadzowY32ppk4Xov5,,,,,,,,,,,,,,,,,,,,,,,,
MQgi9LezRAwAKW7yqoJ6aa7JWrZp4iFLHD,ME9gumWwA5fgCCYEnmLHSULc9Kf2k1DWrQ,,,,,,,,,,,,,,,,,,,,,,,,
MPm7r5XpuJHqbFntMyDu9Fd9jYiM5K6Y7i,MLR5QUyNMPDdeV8zqfAs9BY8z2gAua9LF1,,,,,,,,,,,,,,,,,,,,,,,,
MGDWbk1wsVSqP6Cu5QaThf866XFcEfMgHV,M9WMRdqcYLhyckDHsDSLb7qHMQrRsP9izW,,,,,,,,,,,,,,,,,,,,,,,,
MUwvaWeHrs3eBHqLGrbMnxVer9kFtJCGMX,MUJ1DQNqpKKFNStrPPn7xQiVRYqoFbLKcf,,,,,,,,,,,,,,,,,,,,,,,,
MMErUk2FfcKH1krBV3au1QkvF44vGiVrby,MMuJ7sjs3Zs1hYwXmG4PoHvqrbN3afEsp6,MUwnWMBTuExpbP7cEuSVRV3SD6mQ9bmr9a,MUR61HtQPGMoGUoVLmNt7ZPWJuFT9w6CkN,,,,,,,,,,,,,,,,,,,,,,
MEYNBcFFad7LVqVsbotsuzAcf1BpYuhuBe,MDBYMVXGESJNyGqymmQNzM81c4cQmwgfQ2,,,,,,,,,,,,,,,,,,,,,,,,
MUvWYf1xSc8hwGupGeZ2dKp3LVsgv92czn,MVPVmbbm7g3f9PF2xRV6RSoSnw8xfr8kNj,,,,,,,,,,,,,,,,,,,,,,,,
MRJz75MDQcw94yeuXpBqL1soLdPcriAjuu,MHc1DXgCXqTiAnAd3mgvu56BuLcnG9sRHT,,,,,,,,,,,,,,,,,,,,,,,,
MSdcxxhcRZVQ8QAf9qyGtUM9uZn6gfk38b,MMwezT7s6XwXSrwC3PjxwuN1b4SrjiUN68,,,,,,,,,,,,,,,,,,,,,,,,
MJDtpPS1SXHAHVWAeuF4FiwFrWDnWBqkDa,MBDkQEPqwbX33kNXgeoMvf32TyM2QFhZp5,,,,,,,,,,,,,,,,,,,,,,,,
MBAfQSLVhYAxnsjL9qJVH8fmnE4z476H3o,MJ1sgNcKBRc3LP5w5UhV96AVfvoTzbGcLd,,,,,,,,,,,,,,,,,,,,,,,,
MNLkzvHmTHd9BswZnuqHjtaicsBKSdU4vn,3AbREoXJRGkDWySSu6F99Rs9aivAUHmmwy,MAojAPaoTC4925wtHTyL3pEam4QjKfDjEn,MVPVmbbm7g3f9PF2xRV6RSoSnw8xfr8kNj,,,,,,,,,,,,,,,,,,,,,,
MQYpTcmuBQMS56zaCQ56LpeKnYjjwHHfGj,MEa9i9HQh8k6KRPa6PqeUD36wXgZtaWCiB,,,,,,,,,,,,,,,,,,,,,,,,
MRvJoCjA1vPUeFcddF7U97Qp5Yrds18QUv,MDEyYmVsduo8kxCrFLQXn8QZTsKnH4mhbR,,,,,,,,,,,,,,,,,,,,,,,,
MVoKu7D4Q5XxQTY4YZPfR2qCFAHgaejuua,MVPVmbbm7g3f9PF2xRV6RSoSnw8xfr8kNj,,,,,,,,,,,,,,,,,,,,,,,,
MVi1xC3QqdpHZBUmLq2ykYWv2zCFGm4gKR,MQTiH1VbwWKexqs9jAUwf8d4AEUqR45faW,,,,,,,,,,,,,,,,,,,,,,,,
MRBaw6aeYoVA4wJqU3XssYuMZdr8iPCYj3,M9kVLMQWS1Bh3Qw9DF2LUvE2FHfwY4LS1P,MPYq1eJVWofz49Sthu161bpdzWKjRSjTWe,MVPVmbbm7g3f9PF2xRV6RSoSnw8xfr8kNj,,,,,,,,,,,,,,,,,,,,,,
M8suJGXUSnjYpQbTLATKfutRpEfWZcgh1h,MUoaFn9NBN8K4FkAhHhKsNkuCeV1Gi9idp,,,,,,,,,,,,,,,,,,,,,,,,
MVeab7NwzHChBEVVvA9h5tSJUcMALGaKbg,MU6afG493rVUJtWLewmagfFchsKSMk66Zx,,,,,,,,,,,,,,,,,,,,,,,,
M8RhyfSiMcqtkrTJRK3QtprriUEjYnR5Lu,MDaKu2Bi4cSwBeUsGw8CVzRBqJFZ5dfNCD,,,,,,,,,,,,,,,,,,,,,,,,
MV54YPkYvruUMDnscxoGEEc9PFZwM2nWc7,MSpq9V38yLxUMQgKEEvSXn9QjxupykpdqD,,,,,,,,,,,,,,,,,,,,,,,,
MFXk7yk63cEnADV5VwzRNVgHag3vw1xhNE,METBHJfrYJXGq3TGumur6TnpgV385gzM1M,,,,,,,,,,,,,,,,,,,,,,,,
